0 0.38 
1 0.381966 
2 0.383952 
3 0.385958 
4 0.387982 
5 0.390025 
6 0.392087 
7 0.394168 
8 0.396268 
9 0.398386 
10 0.400523 
11 0.402678 
12 0.404851 
13 0.407044 
14 0.409254 
15 0.411483 
16 0.413732 
17 0.416 
18 0.418289 
19 0.420597 
20 0.422925 
21 0.425273 
22 0.427642 
23 0.43003 
24 0.432439 
25 0.434868 
26 0.437318 
27 0.439788 
28 0.442279 
29 0.44479 
30 0.447322 
31 0.449875 
32 0.452448 
33 0.455043 
34 0.457658 
35 0.460294 
36 0.462951 
37 0.465629 
38 0.468328 
39 0.471048 
40 0.47379 
41 0.476553 
42 0.479425 
43 0.482354 
44 0.485323 
45 0.488328 
46 0.491364 
47 0.494432 
48 0.497529 
49 0.500655 
50 0.50381 
51 0.506992 
52 0.510203 
53 0.51344 
54 0.516705 
55 0.519996 
56 0.523315 
57 0.52666 
58 0.530031 
59 0.533429 
60 0.536853 
61 0.540304 
62 0.543781 
63 0.547284 
64 0.550813 
65 0.554368 
66 0.557949 
67 0.561556 
68 0.56519 
69 0.568849 
70 0.572535 
71 0.57625 
72 0.579994 
73 0.583767 
74 0.587569 
75 0.5914 
76 0.595261 
77 0.599152 
78 0.603073 
79 0.607024 
80 0.611005 
81 0.615016 
82 0.619057 
83 0.623128 
84 0.627229 
85 0.631361 
86 0.635524 
87 0.639716 
88 0.643939 
89 0.648193 
90 0.652477 
91 0.656792 
92 0.661137 
93 0.665513 
94 0.66992 
95 0.674357 
96 0.678825 
97 0.683323 
98 0.688012 
99 0.692823 
100 0.697706 
101 0.702649 
102 0.707644 
103 0.71269 
104 0.717783 
105 0.722921 
106 0.728103 
107 0.733328 
108 0.738595 
109 0.743903 
110 0.749252 
111 0.754641 
112 0.760069 
113 0.765537 
114 0.771043 
115 0.776588 
116 0.782171 
117 0.787792 
118 0.79345 
119 0.799146 
120 0.80488 
121 0.81065 
122 0.816457 
123 0.8223 
124 0.82818 
125 0.834096 
126 0.840048 
127 0.846036 
128 0.85206 
129 0.858123 
130 0.864227 
131 0.870372 
132 0.876559 
133 0.882788 
134 0.889059 
135 0.895373 
136 0.901728 
137 0.908126 
138 0.914566 
139 0.921049 
140 0.927573 
141 0.93414 
142 0.940749 
143 0.947399 
144 0.954092 
145 0.960826 
146 0.967602 
147 0.974419 
148 0.981278 
149 0.988178 
150 0.995119 
151 1.0021 
152 1.00912 
153 1.01619 
154 1.02329 
155 1.03044 
156 1.03762 
157 1.04485 
158 1.05211 
159 1.05941 
160 1.06676 
161 1.07414 
162 1.08156 
163 1.08902 
164 1.09652 
165 1.10406 
166 1.11164 
167 1.11926 
168 1.12691 
169 1.1346 
170 1.14233 
171 1.15009 
172 1.1579 
173 1.1662 
174 1.17465 
175 1.18319 
176 1.19181 
177 1.20051 
178 1.20928 
179 1.21811 
180 1.227 
181 1.23595 
182 1.24495 
183 1.25401 
184 1.26312 
185 1.27228 
186 1.28149 
187 1.29075 
188 1.30006 
189 1.30941 
190 1.31881 
191 1.32825 
192 1.33774 
193 1.34727 
194 1.35685 
195 1.36646 
196 1.37612 
197 1.38583 
198 1.39557 
199 1.40535 
200 1.41517 
201 1.42504 
202 1.43494 
203 1.44488 
204 1.45486 
205 1.46488 
206 1.47494 
207 1.48504 
208 1.49517 
209 1.50534 
210 1.51555 
211 1.52579 
212 1.53608 
213 1.54641 
214 1.55678 
215 1.56719 
216 1.57764 
217 1.58813 
218 1.59866 
219 1.60924 
220 1.61985 
221 1.63051 
222 1.6412 
223 1.65194 
224 1.66271 
225 1.67353 
226 1.68438 
227 1.69528 
228 1.70621 
229 1.71719 
230 1.7282 
231 1.73926 
232 1.75035 
233 1.76149 
234 1.77266 
235 1.78388 
236 1.79513 
237 1.80642 
238 1.81775 
239 1.82913 
240 1.84054 
241 1.85199 
242 1.86348 
243 1.87501 
244 1.88659 
245 1.8982 
246 1.90985 
247 1.92154 
248 1.93328 
249 1.94505 
250 1.95687 
251 1.96873 
252 1.98063 
253 1.99257 
254 2.00455 
255 2.01658 
256 2.02865 
257 2.04076 
258 2.05292 
259 2.06512 
260 2.07737 
261 2.08966 
262 2.102 
263 2.11438 
264 2.12681 
265 2.13929 
266 2.15181 
267 2.16438 
268 2.17701 
269 2.18968 
270 2.20241 
271 2.21518 
272 2.22801 
273 2.24089 
274 2.25383 
275 2.26682 
276 2.27987 
277 2.29298 
278 2.30614 
279 2.31937 
280 2.33265 
281 2.346 
282 2.35942 
283 2.3729 
284 2.38644 
285 2.40006 
286 2.41375 
287 2.42751 
288 2.44134 
289 2.45525 
290 2.46924 
291 2.48331 
292 2.49747 
293 2.51171 
294 2.52604 
295 2.54047 
296 2.55498 
297 2.5696 
298 2.5844 
299 2.59979 
300 2.61542 
301 2.63128 
302 2.64743 
303 2.66387 
304 2.68062 
305 2.69769 
306 2.71511 
307 2.78552 
308 2.87288 
309 2.96117 
310 3.05039 
311 3.14324 
312 3.23803 
313 3.33437 
314 3.43215 
315 3.53132 
316 3.63186 
317 3.73378 
318 3.83707 
319 3.94175 
320 4.04785 
321 4.15541 
322 4.26446 
323 4.37504 
324 4.48721 
325 4.60103 
326 4.71656 
327 4.83387 
328 4.95302 
329 5.07407 
330 5.19705 
331 5.32205 
332 5.44911 
333 5.57829 
334 5.70967 
335 5.8433 
336 5.97927 
337 6.11764 
338 6.25848 
339 6.40187 
340 6.5479 
341 6.69663 
342 6.84817 
343 7.00259 
344 7.15998 
345 7.32044 
346 7.48405 
347 7.65093 
348 7.82116 
349 7.99484 
350 8.17209 
351 8.353 
352 8.53768 
353 8.72624 
354 8.91878 
355 9.11542 
356 9.31626 
357 9.5214 
358 9.73104 
359 9.94524 
360 10.1641 
361 10.3879 
362 10.6165 
363 10.8503 
364 11.0893 
365 11.3338 
366 11.5839 
367 11.8397 
368 12.1016 
369 12.3698 
370 12.6444 
371 12.9258 
372 13.2142 
373 13.51 
374 13.8135 
375 14.1251 
376 14.4453 
377 14.7744 
378 15.1126 
379 15.4605 
380 15.8183 
381 16.1865 
382 16.5656 
383 16.9561 
384 17.3585 
385 17.7734 
386 18.2016 
387 18.6438 
388 19.1009 
389 19.5738 
390 20.0637 
391 20.5718 
392 21.0997 
393 21.649 
394 22.2219 
395 22.8207 
396 23.4484 
397 24.1082 
398 24.8031 
399 25.5364 
400 26.3121 
401 27.1358 
402 28.0149 
403 28.9594 
404 29.9839 
405 31.1101 
405.772 32.0073 




