0 0.38 
1 0.386944 
2 0.39409 
3 0.401438 
4 0.409219 
5 0.417319 
6 0.425688 
7 0.434314 
8 0.443189 
9 0.452314 
10 0.461686 
11 0.471307 
12 0.481188 
13 0.491485 
14 0.502081 
15 0.512966 
16 0.524139 
17 0.535597 
18 0.547533 
19 0.559934 
20 0.57269 
21 0.58579 
22 0.59923 
23 0.613006 
24 0.627117 
25 0.641561 
26 0.656339 
27 0.671455 
28 0.686916 
29 0.702722 
30 0.719185 
31 0.736062 
32 0.753328 
33 0.770973 
34 0.78899 
35 0.807374 
36 0.826121 
37 0.845579 
38 0.865486 
39 0.885822 
40 0.906571 
41 0.927725 
42 0.949276 
43 0.971217 
44 0.993542 
45 1.01625 
46 1.03933 
47 1.0628 
48 1.08665 
49 1.11086 
50 1.13545 
51 1.1604 
52 1.1857 
53 1.21135 
54 1.23774 
55 1.26472 
56 1.29215 
57 1.31997 
58 1.34817 
59 1.37672 
60 1.40562 
61 1.43486 
62 1.46443 
63 1.49432 
64 1.52452 
65 1.55505 
66 1.58589 
67 1.61704 
68 1.6485 
69 1.68074 
70 1.71338 
71 1.74638 
72 1.77972 
73 1.8134 
74 1.84742 
75 1.88176 
76 1.91643 
77 1.95143 
78 1.98679 
79 2.02249 
80 2.05856 
81 2.09499 
82 2.13181 
83 2.16902 
84 2.20663 
85 2.24467 
86 2.28316 
87 2.32211 
88 2.36156 
89 2.40154 
90 2.44209 
91 2.48324 
92 2.52505 
93 2.56759 
94 2.61091 
95 2.65585 
96 2.70223 
97 2.75022 
98 2.84417 
99 3.02265 
100 3.20744 
101 3.39742 
102 3.59197 
103 3.79108 
104 3.99486 
105 4.20351 
106 4.4173 
107 4.63659 
108 4.8618 
109 5.09335 
110 5.33349 
111 5.58128 
112 5.83701 
113 6.10109 
114 6.37401 
115 6.65626 
116 6.94838 
117 7.25096 
118 7.56461 
119 7.88997 
120 8.22769 
121 8.57848 
122 8.94304 
123 9.32207 
124 9.71628 
125 10.1265 
126 10.5536 
127 10.9984 
128 11.462 
129 11.9457 
130 12.4518 
131 12.9812 
132 13.5358 
133 14.1178 
134 14.7298 
135 15.3741 
136 16.053 
137 16.7696 
138 17.5271 
139 18.3296 
140 19.1821 
141 20.0907 
142 21.0636 
143 22.1113 
144 23.2481 
145 24.4933 
146 25.8676 
147 27.3987 
148 29.1345 
149 31.1657 
149.381 32.0132 




