0 0.4656 
1 0.474611 
2 0.48391 
3 0.493496 
4 0.503367 
5 0.513674 
6 0.524306 
7 0.53525 
8 0.546499 
9 0.558054 
10 0.570193 
11 0.58276 
12 0.595703 
13 0.609006 
14 0.622664 
15 0.636671 
16 0.651024 
17 0.665726 
18 0.680782 
19 0.696195 
20 0.711964 
21 0.728384 
22 0.745235 
23 0.762485 
24 0.780123 
25 0.798141 
26 0.816532 
27 0.835292 
28 0.854773 
29 0.874726 
30 0.895113 
31 0.91592 
32 0.937135 
33 0.95875 
34 0.980757 
35 1.00315 
36 1.02593 
37 1.0491 
38 1.07265 
39 1.09658 
40 1.12088 
41 1.14555 
42 1.17058 
43 1.19597 
44 1.22171 
45 1.24829 
46 1.2754 
47 1.30293 
48 1.33086 
49 1.35915 
50 1.3878 
51 1.4168 
52 1.44613 
53 1.4758 
54 1.50578 
55 1.53607 
56 1.56668 
57 1.59762 
58 1.62886 
59 1.66073 
60 1.69309 
61 1.72583 
62 1.75893 
63 1.79238 
64 1.82616 
65 1.86027 
66 1.89471 
67 1.92949 
68 1.9646 
69 2.00006 
70 2.03588 
71 2.07206 
72 2.10862 
73 2.14556 
74 2.18289 
75 2.22065 
76 2.25883 
77 2.29747 
78 2.33659 
79 2.37621 
80 2.41638 
81 2.45713 
82 2.4985 
83 2.54056 
84 2.58336 
85 2.62698 
86 2.67241 
87 2.71933 
88 2.76794 
89 2.92603 
90 3.10614 
91 3.29348 
92 3.48556 
93 3.68219 
94 3.88341 
95 4.08938 
96 4.30034 
97 4.51658 
98 4.73851 
99 4.96657 
100 5.20254 
101 5.44616 
102 5.69754 
103 5.95705 
104 6.22513 
105 6.50226 
106 6.78897 
107 7.08582 
108 7.39339 
109 7.71233 
110 8.04327 
111 8.3869 
112 8.74392 
113 9.11503 
114 9.50093 
115 9.90235 
116 10.3202 
117 10.7553 
118 11.2086 
119 11.6812 
120 12.1749 
121 12.6915 
122 13.2323 
123 13.7991 
124 14.3946 
125 15.0211 
126 15.6809 
127 16.3767 
128 17.1116 
129 17.8892 
130 18.714 
131 19.5913 
132 20.5283 
133 21.534 
134 22.6204 
135 23.8044 
136 25.1062 
137 26.548 
138 28.1652 
139 30.021 
139.965 32.0145 




