0 0.1087 
1 0.109765 
2 0.110845 
3 0.111939 
4 0.113048 
5 0.114171 
6 0.11532 
7 0.116488 
8 0.117674 
9 0.118878 
10 0.1201 
11 0.12134 
12 0.122597 
13 0.123873 
14 0.125167 
15 0.126479 
16 0.127811 
17 0.129176 
18 0.130568 
19 0.131983 
20 0.133422 
21 0.134883 
22 0.136367 
23 0.137875 
24 0.139406 
25 0.14096 
26 0.142538 
27 0.144161 
28 0.145813 
29 0.147493 
30 0.149201 
31 0.150938 
32 0.152703 
33 0.154497 
34 0.15632 
35 0.158173 
36 0.160056 
37 0.162 
38 0.163983 
39 0.166004 
40 0.168061 
41 0.170155 
42 0.172285 
43 0.174453 
44 0.176659 
45 0.17894 
46 0.18127 
47 0.183645 
48 0.186067 
49 0.188533 
50 0.191046 
51 0.193605 
52 0.196211 
53 0.198865 
54 0.201568 
55 0.204372 
56 0.207239 
57 0.210166 
58 0.213151 
59 0.216197 
60 0.219303 
61 0.222472 
62 0.225772 
63 0.229158 
64 0.232624 
65 0.236166 
66 0.239783 
67 0.243477 
68 0.247249 
69 0.251102 
70 0.255037 
71 0.259173 
72 0.263447 
73 0.267836 
74 0.272335 
75 0.276947 
76 0.281671 
77 0.286533 
78 0.291669 
79 0.296959 
80 0.302393 
81 0.307969 
82 0.313685 
83 0.319542 
84 0.325544 
85 0.33169 
86 0.337984 
87 0.344506 
88 0.351198 
89 0.358061 
90 0.365098 
91 0.372313 
92 0.379706 
93 0.387569 
94 0.395688 
95 0.404041 
96 0.41262 
97 0.421424 
98 0.430456 
99 0.439717 
100 0.449208 
101 0.458931 
102 0.469005 
103 0.479373 
104 0.490017 
105 0.500935 
106 0.512126 
107 0.523591 
108 0.535547 
109 0.547932 
110 0.56066 
111 0.573714 
112 0.587093 
113 0.600798 
114 0.614828 
115 0.629184 
116 0.643865 
117 0.658872 
118 0.674213 
119 0.689892 
120 0.70618 
121 0.722896 
122 0.740001 
123 0.757483 
124 0.775336 
125 0.793553 
126 0.812131 
127 0.831318 
128 0.851015 
129 0.871144 
130 0.891689 
131 0.912639 
132 0.933986 
133 0.955723 
134 0.977846 
135 1.00035 
136 1.02323 
137 1.04648 
138 1.07012 
139 1.09413 
140 1.11851 
141 1.14325 
142 1.16835 
143 1.1938 
144 1.21959 
145 1.24628 
146 1.27346 
147 1.30106 
148 1.32904 
149 1.35738 
150 1.38608 
151 1.41512 
152 1.4445 
153 1.47419 
154 1.50421 
155 1.53453 
156 1.56518 
157 1.59614 
158 1.62741 
159 1.65934 
160 1.69173 
161 1.7245 
162 1.75762 
163 1.79109 
164 1.82489 
165 1.85902 
166 1.89348 
167 1.92827 
168 1.96339 
169 1.99887 
170 2.0347 
171 2.07089 
172 2.10746 
173 2.14441 
174 2.18175 
175 2.21951 
176 2.25771 
177 2.29635 
178 2.33547 
179 2.3751 
180 2.41527 
181 2.45602 
182 2.49739 
183 2.53945 
184 2.58224 
185 2.62586 
186 2.67128 
187 2.71819 
188 2.76678 
189 2.9234 
190 3.10346 
191 3.29073 
192 3.48274 
193 3.6793 
194 3.88045 
195 4.08636 
196 4.29723 
197 4.5134 
198 4.73525 
199 4.96321 
200 5.19907 
201 5.44258 
202 5.69384 
203 5.95323 
204 6.22118 
205 6.49817 
206 6.78474 
207 7.08144 
208 7.38885 
209 7.70762 
210 8.03838 
211 8.38183 
212 8.73864 
213 9.10954 
214 9.49523 
215 9.89641 
216 10.314 
217 10.7489 
218 11.2019 
219 11.6743 
220 12.1674 
221 12.6837 
222 13.2241 
223 13.7905 
224 14.3855 
225 15.0115 
226 15.6709 
227 16.3661 
228 17.1004 
229 17.8773 
230 18.7013 
231 19.5779 
232 20.5139 
233 21.5185 
234 22.6036 
235 23.786 
236 25.0859 
237 26.5255 
238 28.1397 
239 29.9913 
239.969 32.0205 




