0 2.54 
1 2.56524 
2 2.59117 
3 2.61779 
4 2.64588 
5 2.67482 
6 2.70457 
7 2.7351 
8 2.76642 
9 2.79905 
10 2.8327 
11 2.86744 
12 2.90339 
13 2.94062 
14 2.97927 
15 3.01947 
16 3.06144 
17 3.10615 
18 3.2858 
19 3.47769 
20 3.67413 
21 3.87517 
22 4.08094 
23 4.29169 
24 4.50771 
25 4.72941 
26 4.95721 
27 5.19285 
28 5.43616 
29 5.68722 
30 5.9464 
31 6.21412 
32 6.49087 
33 6.77718 
34 7.07361 
35 7.38074 
36 7.6992 
37 8.02965 
38 8.37275 
39 8.72921 
40 9.09974 
41 9.48503 
42 9.8858 
43 10.303 
44 10.7374 
45 11.1899 
46 11.6617 
47 12.1541 
48 12.6698 
49 13.2095 
50 13.7752 
51 14.3694 
52 14.9946 
53 15.653 
54 16.3473 
55 17.0805 
56 17.8562 
57 18.679 
58 19.554 
59 20.4884 
60 21.491 
61 22.5738 
62 23.7534 
63 25.0499 
64 26.4854 
65 28.0944 
66 29.9385 
66.9835 32.0148 




