0 0.0412 
1 0.0414329 
2 0.0416675 
3 0.0419038 
4 0.0421429 
5 0.0423841 
6 0.0426271 
7 0.0428721 
8 0.043119 
9 0.0433679 
10 0.0436187 
11 0.0438714 
12 0.0441262 
13 0.0443829 
14 0.0446416 
15 0.0449024 
16 0.0451652 
17 0.0454301 
18 0.0456971 
19 0.0459662 
20 0.0462374 
21 0.0465118 
22 0.0467888 
23 0.0470684 
24 0.0473503 
25 0.0476347 
26 0.0479215 
27 0.0482107 
28 0.0485023 
29 0.0487964 
30 0.049093 
31 0.0493921 
32 0.0496937 
33 0.0499978 
34 0.0503045 
35 0.0506138 
36 0.0509258 
37 0.0512404 
38 0.0515578 
39 0.0518778 
40 0.0522006 
41 0.0525262 
42 0.0528546 
43 0.0531869 
44 0.0535224 
45 0.0538609 
46 0.0542024 
47 0.054547 
48 0.0548947 
49 0.0552456 
50 0.0555995 
51 0.0559567 
52 0.0563171 
53 0.0566807 
54 0.0570477 
55 0.0574179 
56 0.0577915 
57 0.0581685 
58 0.0585526 
59 0.0589409 
60 0.0593332 
61 0.0597295 
62 0.0601297 
63 0.0605339 
64 0.060942 
65 0.0613543 
66 0.0617706 
67 0.0621909 
68 0.0626155 
69 0.0630442 
70 0.0634771 
71 0.0639143 
72 0.0643558 
73 0.0648017 
74 0.0652543 
75 0.0657122 
76 0.0661749 
77 0.0666426 
78 0.0671151 
79 0.0675927 
80 0.0680752 
81 0.0685627 
82 0.0690552 
83 0.0695529 
84 0.0700558 
85 0.0705638 
86 0.0710772 
87 0.0715996 
88 0.0721285 
89 0.0726636 
90 0.0732048 
91 0.0737521 
92 0.0743054 
93 0.074865 
94 0.0754307 
95 0.0760027 
96 0.076581 
97 0.0771657 
98 0.0777568 
99 0.0783545 
100 0.0789587 
101 0.0795737 
102 0.0801971 
103 0.0808282 
104 0.081467 
105 0.0821135 
106 0.0827676 
107 0.0834295 
108 0.084099 
109 0.0847765 
110 0.0854618 
111 0.0861552 
112 0.0868566 
113 0.0875736 
114 0.0883016 
115 0.0890397 
116 0.0897875 
117 0.0905451 
118 0.0913124 
119 0.0920895 
120 0.0928765 
121 0.0936734 
122 0.0944802 
123 0.0952973 
124 0.0961245 
125 0.0969697 
126 0.0978275 
127 0.0986975 
128 0.0995794 
129 0.100473 
130 0.101379 
131 0.102297 
132 0.103227 
133 0.104169 
134 0.105124 
135 0.106091 
136 0.107083 
137 0.108091 
138 0.109114 
139 0.110151 
140 0.111204 
141 0.112272 
142 0.113354 
143 0.114452 
144 0.115566 
145 0.116695 
146 0.117846 
147 0.119021 
148 0.120215 
149 0.121427 
150 0.122659 
151 0.123908 
152 0.125177 
153 0.126464 
154 0.12777 
155 0.129095 
156 0.130441 
157 0.131825 
158 0.133235 
159 0.134669 
160 0.136126 
161 0.137607 
162 0.139111 
163 0.14064 
164 0.142192 
165 0.14377 
166 0.14539 
167 0.147041 
168 0.148721 
169 0.15043 
170 0.152167 
171 0.153934 
172 0.15573 
173 0.157555 
174 0.159411 
175 0.161298 
176 0.163246 
177 0.165235 
178 0.167261 
179 0.169324 
180 0.171425 
181 0.173563 
182 0.175739 
183 0.177954 
184 0.180246 
185 0.182587 
186 0.184974 
187 0.187408 
188 0.189887 
189 0.192412 
190 0.194985 
191 0.197604 
192 0.200273 
193 0.203016 
194 0.20584 
195 0.208725 
196 0.211671 
197 0.214676 
198 0.217741 
199 0.220868 
200 0.224058 
201 0.227389 
202 0.230803 
203 0.234295 
204 0.237864 
205 0.241509 
206 0.245231 
207 0.249031 
208 0.252913 
209 0.256879 
210 0.261071 
211 0.265388 
212 0.269818 
213 0.274358 
214 0.279011 
215 0.283777 
216 0.288798 
217 0.293993 
218 0.299337 
219 0.304825 
220 0.310454 
221 0.316224 
222 0.322137 
223 0.328195 
224 0.334399 
225 0.340809 
226 0.347398 
227 0.354156 
228 0.361088 
229 0.368195 
230 0.37548 
231 0.383124 
232 0.391093 
233 0.399307 
234 0.40775 
235 0.41642 
236 0.425316 
237 0.434442 
238 0.443797 
239 0.453383 
240 0.463202 
241 0.473399 
242 0.48388 
243 0.494636 
244 0.505665 
245 0.516968 
246 0.528545 
247 0.540706 
248 0.553235 
249 0.566099 
250 0.579285 
251 0.592795 
252 0.606631 
253 0.620793 
254 0.635281 
255 0.650093 
256 0.665233 
257 0.68071 
258 0.696526 
259 0.712997 
260 0.729874 
261 0.747135 
262 0.764769 
263 0.782771 
264 0.801136 
265 0.81986 
266 0.839285 
267 0.859159 
268 0.879457 
269 0.900166 
270 0.921277 
271 0.942782 
272 0.964676 
273 0.986951 
274 1.0096 
275 1.03263 
276 1.05604 
277 1.07982 
278 1.10398 
279 1.1285 
280 1.15339 
281 1.17863 
282 1.20422 
283 1.23019 
284 1.2571 
285 1.28445 
286 1.3122 
287 1.34033 
288 1.36882 
289 1.39766 
290 1.42684 
291 1.45634 
292 1.48617 
293 1.51631 
294 1.54677 
295 1.57755 
296 1.60864 
297 1.64004 
298 1.67218 
299 1.70474 
300 1.73766 
301 1.77093 
302 1.80454 
303 1.83848 
304 1.87275 
305 1.90734 
306 1.94227 
307 1.97755 
308 2.01317 
309 2.04915 
310 2.0855 
311 2.12223 
312 2.15934 
313 2.19686 
314 2.2348 
315 2.27318 
316 2.31201 
317 2.35134 
318 2.39119 
319 2.4316 
320 2.4726 
321 2.51424 
322 2.5566 
323 2.59972 
324 2.64419 
325 2.69013 
326 2.73762 
327 2.80273 
328 2.98038 
329 3.16158 
330 3.35039 
331 3.54383 
332 3.74182 
333 3.94444 
334 4.15187 
335 4.36437 
336 4.58227 
337 4.80599 
338 5.03595 
339 5.27424 
340 5.52014 
341 5.7739 
342 6.0359 
343 6.30662 
344 6.58655 
345 6.87621 
346 7.17619 
347 7.48708 
348 7.80952 
349 8.14416 
350 8.4917 
351 8.85284 
352 9.22828 
353 9.61872 
354 10.025 
355 10.4479 
356 10.8883 
357 11.3472 
358 11.8258 
359 12.3264 
360 12.85 
361 13.3983 
362 13.9734 
363 14.5779 
364 15.2141 
365 15.8843 
366 16.5914 
367 17.3387 
368 18.1298 
369 18.9696 
370 19.8639 
371 20.8203 
372 21.8486 
373 22.9621 
374 24.179 
375 25.5199 
376 27.0094 
377 28.6892 
378 30.6361 
378.824 32.0158 




