0 0.9633 
1 0.980302 
2 0.997918 
3 1.01611 
4 1.03485 
5 1.05448 
6 1.07475 
7 1.0956 
8 1.11698 
9 1.13889 
10 1.16129 
11 1.18417 
12 1.20751 
13 1.23131 
14 1.25555 
15 1.28022 
16 1.3053 
17 1.33078 
18 1.35666 
19 1.38348 
20 1.41084 
21 1.43866 
22 1.4669 
23 1.49554 
24 1.52457 
25 1.55398 
26 1.58377 
27 1.61393 
28 1.64444 
29 1.67529 
30 1.7065 
31 1.73811 
32 1.77047 
33 1.80326 
34 1.83643 
35 1.86998 
36 1.90389 
37 1.93816 
38 1.9728 
39 2.00781 
40 2.0432 
41 2.07897 
42 2.11513 
43 2.15169 
44 2.18866 
45 2.22606 
46 2.2639 
47 2.30219 
48 2.34098 
49 2.38028 
50 2.42012 
51 2.46054 
52 2.5016 
53 2.54332 
54 2.5858 
55 2.62908 
56 2.67406 
57 2.72055 
58 2.76871 
59 2.89117 
60 3.07059 
61 3.25693 
62 3.44812 
63 3.64387 
64 3.84419 
65 4.04923 
66 4.2592 
67 4.4744 
68 4.6952 
69 4.92204 
70 5.15634 
71 5.39849 
72 5.64834 
73 5.90625 
74 6.17263 
75 6.44797 
76 6.73279 
77 7.02763 
78 7.33309 
79 7.64978 
80 7.97835 
81 8.31947 
82 8.67385 
83 9.04218 
84 9.42517 
85 9.82353 
86 10.2381 
87 10.6698 
88 11.1196 
89 11.5884 
90 12.0775 
91 12.5896 
92 13.1255 
93 13.6872 
94 14.2769 
95 14.8972 
96 15.5504 
97 16.239 
98 16.966 
99 17.7351 
100 18.5503 
101 19.417 
102 20.3418 
103 21.3333 
104 22.403 
105 23.5664 
106 24.8439 
107 26.2564 
108 27.8359 
109 29.6384 
110 31.7739 
110.039 32.02 




