0 0.756 
1 0.770315 
2 0.785092 
3 0.800322 
4 0.815995 
5 0.832312 
6 0.849222 
7 0.866636 
8 0.884531 
9 0.902892 
10 0.921707 
11 0.941343 
12 0.961516 
13 0.982175 
14 1.0033 
15 1.02489 
16 1.04693 
17 1.0694 
18 1.09231 
19 1.11564 
20 1.13939 
21 1.16353 
22 1.18807 
23 1.213 
24 1.2383 
25 1.26398 
26 1.29039 
27 1.31744 
28 1.34495 
29 1.37288 
30 1.40119 
31 1.42987 
32 1.45891 
33 1.4883 
34 1.51803 
35 1.54809 
36 1.5785 
37 1.60924 
38 1.6403 
39 1.67168 
40 1.70381 
41 1.73638 
42 1.76932 
43 1.80262 
44 1.83627 
45 1.87026 
46 1.90459 
47 1.93927 
48 1.97429 
49 2.00968 
50 2.04543 
51 2.08155 
52 2.11806 
53 2.15495 
54 2.19225 
55 2.22997 
56 2.26813 
57 2.30675 
58 2.34586 
59 2.38548 
60 2.42565 
61 2.46641 
62 2.50781 
63 2.5499 
64 2.59275 
65 2.63643 
66 2.68197 
67 2.72904 
68 2.77783 
69 2.94828 
70 3.12884 
71 3.31679 
72 3.50943 
73 3.70662 
74 3.90841 
75 4.11498 
76 4.32657 
77 4.54348 
78 4.76615 
79 4.99498 
80 5.23192 
81 5.47647 
82 5.72883 
83 5.98936 
84 6.25851 
85 6.53679 
86 6.8247 
87 7.12283 
88 7.43176 
89 7.75213 
90 8.08459 
91 8.42981 
92 8.78852 
93 9.1614 
94 9.54916 
95 9.95252 
96 10.3724 
97 10.8097 
98 11.2653 
99 11.7404 
100 12.237 
101 12.7565 
102 13.3003 
103 13.8705 
104 14.4697 
105 15.1001 
106 15.7642 
107 16.4646 
108 17.2046 
109 17.9877 
110 18.8185 
111 19.7028 
112 20.6476 
113 21.6625 
114 22.7599 
115 23.9572 
116 25.2748 
117 26.7359 
118 28.3781 
119 30.27 
119.919 32.0132 




