0 0.1766 
1 0.178863 
2 0.181179 
3 0.183541 
4 0.18595 
5 0.188405 
6 0.190905 
7 0.193451 
8 0.196045 
9 0.198688 
10 0.201379 
11 0.204166 
12 0.207019 
13 0.209932 
14 0.212904 
15 0.215937 
16 0.21903 
17 0.222186 
18 0.225463 
19 0.228833 
20 0.232283 
21 0.23581 
22 0.239413 
23 0.243092 
24 0.246849 
25 0.250688 
26 0.254609 
27 0.258706 
28 0.262959 
29 0.267329 
30 0.27181 
31 0.276403 
32 0.281109 
33 0.28593 
34 0.291039 
35 0.296306 
36 0.301718 
37 0.307272 
38 0.312967 
39 0.318803 
40 0.324783 
41 0.330908 
42 0.33718 
43 0.343676 
44 0.350342 
45 0.357176 
46 0.364185 
47 0.37137 
48 0.378734 
49 0.386548 
50 0.394628 
51 0.402944 
52 0.411487 
53 0.420255 
54 0.429252 
55 0.438477 
56 0.447933 
57 0.45762 
58 0.467641 
59 0.477967 
60 0.48857 
61 0.499447 
62 0.510597 
63 0.522021 
64 0.533786 
65 0.546119 
66 0.5588 
67 0.571808 
68 0.585141 
69 0.5988 
70 0.612785 
71 0.627096 
72 0.641731 
73 0.65669 
74 0.671979 
75 0.687605 
76 0.703814 
77 0.720466 
78 0.737512 
79 0.754936 
80 0.772732 
81 0.790892 
82 0.809415 
83 0.828428 
84 0.848059 
85 0.868121 
86 0.8886 
87 0.909486 
88 0.930772 
89 0.952448 
90 0.974511 
91 0.996952 
92 1.01977 
93 1.04297 
94 1.06655 
95 1.0905 
96 1.11482 
97 1.13951 
98 1.16455 
99 1.18995 
100 1.21569 
101 1.24229 
102 1.2694 
103 1.29693 
104 1.32485 
105 1.35314 
106 1.38178 
107 1.41077 
108 1.44009 
109 1.46974 
110 1.49971 
111 1.52999 
112 1.56058 
113 1.5915 
114 1.62272 
115 1.65454 
116 1.68687 
117 1.71958 
118 1.75266 
119 1.78607 
120 1.81982 
121 1.8539 
122 1.88831 
123 1.92305 
124 1.95813 
125 1.99355 
126 2.02933 
127 2.06547 
128 2.10198 
129 2.13887 
130 2.17616 
131 2.21386 
132 2.25198 
133 2.29056 
134 2.32961 
135 2.36916 
136 2.40925 
137 2.44991 
138 2.49119 
139 2.53314 
140 2.57582 
141 2.61931 
142 2.66454 
143 2.71123 
144 2.75957 
145 2.88601 
146 3.06533 
147 3.25151 
148 3.44257 
149 3.63819 
150 3.83838 
151 4.04328 
152 4.2531 
153 4.46814 
154 4.68878 
155 4.91544 
156 5.14943 
157 5.39136 
158 5.64099 
159 5.89865 
160 6.16479 
161 6.43986 
162 6.72439 
163 7.01894 
164 7.32408 
165 7.64043 
166 7.96865 
167 8.3094 
168 8.66338 
169 9.0313 
170 9.41385 
171 9.81175 
172 10.2259 
173 10.6571 
174 11.1062 
175 11.5745 
176 12.063 
177 12.5745 
178 13.1097 
179 13.6705 
180 14.2594 
181 14.8788 
182 15.531 
183 16.2186 
184 16.9444 
185 17.7122 
186 18.526 
187 19.3911 
188 20.3141 
189 21.3036 
190 22.3708 
191 23.5313 
192 24.8052 
193 26.2134 
194 27.7874 
195 29.5823 
196 31.7057 
196.044 32.0286 




