0 0.0526 
1 0.05294 
2 0.053283 
3 0.0536288 
4 0.0539776 
5 0.0543295 
6 0.0546843 
7 0.0550423 
8 0.0554033 
9 0.0557674 
10 0.0561347 
11 0.0565052 
12 0.0568822 
13 0.0572633 
14 0.0576482 
15 0.058037 
16 0.0584295 
17 0.0588257 
18 0.0592257 
19 0.0596295 
20 0.0600371 
21 0.0604485 
22 0.0608639 
23 0.0612832 
24 0.0617065 
25 0.0621338 
26 0.0625652 
27 0.0630008 
28 0.0634405 
29 0.0638856 
30 0.0643366 
31 0.0647925 
32 0.0652531 
33 0.0657184 
34 0.0661884 
35 0.0666633 
36 0.0671429 
37 0.0676274 
38 0.0681169 
39 0.0686113 
40 0.0691107 
41 0.0696152 
42 0.0701249 
43 0.0706432 
44 0.071168 
45 0.0716988 
46 0.0722356 
47 0.0727782 
48 0.0733268 
49 0.0738815 
50 0.0744421 
51 0.0750089 
52 0.0755818 
53 0.076161 
54 0.0767464 
55 0.0773383 
56 0.0779365 
57 0.0785413 
58 0.0791576 
59 0.0797817 
60 0.0804134 
61 0.0810526 
62 0.0816993 
63 0.0823535 
64 0.0830154 
65 0.0836849 
66 0.0843622 
67 0.0850474 
68 0.0857404 
69 0.0864415 
70 0.0871586 
71 0.0878862 
72 0.0886237 
73 0.0893708 
74 0.0901276 
75 0.090894 
76 0.09167 
77 0.0924558 
78 0.0932515 
79 0.0940571 
80 0.0948727 
81 0.0956985 
82 0.096542 
83 0.0973982 
84 0.0982663 
85 0.0991462 
86 0.100038 
87 0.100942 
88 0.101857 
89 0.102785 
90 0.103725 
91 0.104677 
92 0.105642 
93 0.106631 
94 0.107635 
95 0.108654 
96 0.109689 
97 0.110738 
98 0.111802 
99 0.112881 
100 0.113975 
101 0.115085 
102 0.116209 
103 0.11735 
104 0.11852 
105 0.119709 
106 0.120917 
107 0.122143 
108 0.123387 
109 0.124651 
110 0.125933 
111 0.127233 
112 0.128553 
113 0.129892 
114 0.131269 
115 0.132671 
116 0.134098 
117 0.135548 
118 0.137022 
119 0.138519 
120 0.14004 
121 0.141585 
122 0.143154 
123 0.144763 
124 0.146404 
125 0.148075 
126 0.149775 
127 0.151503 
128 0.15326 
129 0.155046 
130 0.156862 
131 0.158707 
132 0.160584 
133 0.162517 
134 0.164493 
135 0.166507 
136 0.168558 
137 0.170646 
138 0.172771 
139 0.174934 
140 0.177136 
141 0.17941 
142 0.181734 
143 0.184106 
144 0.186523 
145 0.188986 
146 0.191496 
147 0.194051 
148 0.196655 
149 0.199306 
150 0.202008 
151 0.204809 
152 0.207673 
153 0.210599 
154 0.213583 
155 0.216628 
156 0.219734 
157 0.222902 
158 0.226201 
159 0.229588 
160 0.233053 
161 0.236596 
162 0.240215 
163 0.24391 
164 0.247683 
165 0.251538 
166 0.255475 
167 0.259616 
168 0.263893 
169 0.268286 
170 0.272789 
171 0.277405 
172 0.282135 
173 0.287045 
174 0.292188 
175 0.297484 
176 0.302925 
177 0.308508 
178 0.314231 
179 0.320096 
180 0.326105 
181 0.332259 
182 0.338561 
183 0.345093 
184 0.351795 
185 0.358669 
186 0.365718 
187 0.372944 
188 0.380349 
189 0.388231 
190 0.396366 
191 0.404735 
192 0.41333 
193 0.42215 
194 0.431197 
195 0.440474 
196 0.449981 
197 0.459721 
198 0.469817 
199 0.480205 
200 0.490869 
201 0.501807 
202 0.513017 
203 0.524502 
204 0.536503 
205 0.548914 
206 0.561666 
207 0.574743 
208 0.588145 
209 0.601873 
210 0.615927 
211 0.630307 
212 0.645011 
213 0.660042 
214 0.675408 
215 0.691113 
216 0.707436 
217 0.724181 
218 0.741315 
219 0.758825 
220 0.776705 
221 0.794949 
222 0.813554 
223 0.832793 
224 0.852523 
225 0.872683 
226 0.893259 
227 0.914239 
228 0.935615 
229 0.957382 
230 0.979533 
231 1.00206 
232 1.02497 
233 1.04825 
234 1.07192 
235 1.09596 
236 1.12036 
237 1.14513 
238 1.17025 
239 1.19573 
240 1.22155 
241 1.24829 
242 1.2755 
243 1.30312 
244 1.33113 
245 1.3595 
246 1.38823 
247 1.41729 
248 1.44669 
249 1.47641 
250 1.50645 
251 1.5368 
252 1.56747 
253 1.59845 
254 1.62974 
255 1.66172 
256 1.69414 
257 1.72694 
258 1.76009 
259 1.79358 
260 1.8274 
261 1.86156 
262 1.89604 
263 1.93085 
264 1.966 
265 2.0015 
266 2.03736 
267 2.07358 
268 2.11017 
269 2.14715 
270 2.18453 
271 2.22232 
272 2.26054 
273 2.29922 
274 2.33838 
275 2.37804 
276 2.41825 
277 2.45905 
278 2.50047 
279 2.54257 
280 2.58543 
281 2.62911 
282 2.67462 
283 2.72164 
284 2.77035 
285 2.93233 
286 3.11257 
287 3.30009 
288 3.49232 
289 3.68911 
290 3.89049 
291 4.09663 
292 4.30776 
293 4.5242 
294 4.74634 
295 4.97462 
296 5.21086 
297 5.45475 
298 5.70641 
299 5.9662 
300 6.23459 
301 6.51204 
302 6.79909 
303 7.0963 
304 7.40426 
305 7.7236 
306 8.05497 
307 8.39906 
308 8.75655 
309 9.12816 
310 9.51459 
311 9.91656 
312 10.335 
313 10.7707 
314 11.2247 
315 11.698 
316 12.1926 
317 12.71 
318 13.2516 
319 13.8194 
320 14.4159 
321 15.0435 
322 15.7046 
323 16.4017 
324 17.138 
325 17.9171 
326 18.7436 
327 19.6229 
328 20.5621 
329 21.5704 
330 22.66 
331 23.8477 
332 25.1539 
333 26.6012 
334 28.2254 
335 30.0913 
335.953 32.0218 




