0 0.2867 
1 0.291399 
2 0.296221 
3 0.301336 
4 0.306621 
5 0.312063 
6 0.317656 
7 0.3234 
8 0.329296 
9 0.335343 
10 0.341544 
11 0.347948 
12 0.354548 
13 0.36133 
14 0.368294 
15 0.37544 
16 0.382771 
17 0.390522 
18 0.398565 
19 0.406853 
20 0.415376 
21 0.424132 
22 0.433121 
23 0.442343 
24 0.451799 
25 0.461491 
26 0.471521 
27 0.481862 
28 0.492485 
29 0.503386 
30 0.514563 
31 0.526017 
32 0.537943 
33 0.550319 
34 0.563042 
35 0.576094 
36 0.589474 
37 0.603183 
38 0.617219 
39 0.631583 
40 0.646274 
41 0.661294 
42 0.67665 
43 0.692347 
44 0.70866 
45 0.725399 
46 0.742528 
47 0.760035 
48 0.777913 
49 0.796156 
50 0.81476 
51 0.833999 
52 0.853731 
53 0.873894 
54 0.894474 
55 0.915459 
56 0.936841 
57 0.958614 
58 0.980772 
59 1.00331 
60 1.02622 
61 1.04952 
62 1.07319 
63 1.09723 
64 1.12165 
65 1.14643 
66 1.17156 
67 1.19705 
68 1.22288 
69 1.24963 
70 1.27685 
71 1.30449 
72 1.33251 
73 1.36089 
74 1.38963 
75 1.41871 
76 1.44812 
77 1.47785 
78 1.5079 
79 1.53826 
80 1.56894 
81 1.59993 
82 1.63123 
83 1.66322 
84 1.69566 
85 1.72847 
86 1.76164 
87 1.79514 
88 1.82898 
89 1.86314 
90 1.89764 
91 1.93246 
92 1.96763 
93 2.00314 
94 2.03901 
95 2.07525 
96 2.11185 
97 2.14885 
98 2.18624 
99 2.22405 
100 2.26229 
101 2.30099 
102 2.34016 
103 2.37985 
104 2.42009 
105 2.46091 
106 2.50236 
107 2.54449 
108 2.58738 
109 2.6311 
110 2.67667 
111 2.72374 
112 2.77253 
113 2.93978 
114 3.12017 
115 3.30789 
116 3.50032 
117 3.69729 
118 3.89887 
119 4.10521 
120 4.31655 
121 4.53321 
122 4.75559 
123 4.98413 
124 5.2207 
125 5.4649 
126 5.71689 
127 5.97703 
128 6.24577 
129 6.5236 
130 6.81106 
131 7.1087 
132 7.41711 
133 7.73693 
134 8.06881 
135 8.41343 
136 8.77149 
137 9.14369 
138 9.53074 
139 9.93336 
140 10.3525 
141 10.7889 
142 11.2437 
143 11.7178 
144 12.2133 
145 12.7317 
146 13.2744 
147 13.8433 
148 14.441 
149 15.07 
150 15.7325 
151 16.4311 
152 17.1691 
153 17.9501 
154 18.7786 
155 19.6603 
156 20.6021 
157 21.6134 
158 22.7066 
159 23.8988 
160 25.2104 
161 26.6641 
162 28.2967 
163 30.1746 
163.939 32.022 




