0 0.225 
1 0.228207 
2 0.231562 
3 0.235 
4 0.238519 
5 0.242116 
6 0.245792 
7 0.24955 
8 0.253392 
9 0.257318 
10 0.261423 
11 0.265687 
12 0.270069 
13 0.274564 
14 0.279175 
15 0.283901 
16 0.288743 
17 0.293886 
18 0.299184 
19 0.304629 
20 0.310217 
21 0.315947 
22 0.321821 
23 0.327842 
24 0.334009 
25 0.340324 
26 0.346872 
27 0.353592 
28 0.360486 
29 0.367557 
30 0.374805 
31 0.382234 
32 0.390153 
33 0.398323 
34 0.406724 
35 0.415353 
36 0.424208 
37 0.433292 
38 0.442607 
39 0.452152 
40 0.461931 
41 0.472078 
42 0.482513 
43 0.493224 
44 0.504209 
45 0.515468 
46 0.527002 
47 0.539092 
48 0.551566 
49 0.564378 
50 0.577514 
51 0.590975 
52 0.604762 
53 0.618876 
54 0.633315 
55 0.648079 
56 0.663171 
57 0.678599 
58 0.694366 
59 0.710774 
60 0.727594 
61 0.7448 
62 0.762381 
63 0.78033 
64 0.798644 
65 0.817317 
66 0.836667 
67 0.85648 
68 0.87672 
69 0.897372 
70 0.918428 
71 0.93988 
72 0.96172 
73 0.983944 
74 1.00654 
75 1.02952 
76 1.05288 
77 1.07661 
78 1.10072 
79 1.12519 
80 1.15003 
81 1.17522 
82 1.20076 
83 1.22665 
84 1.25349 
85 1.28078 
86 1.30848 
87 1.33656 
88 1.36501 
89 1.3938 
90 1.42293 
91 1.45239 
92 1.48217 
93 1.51227 
94 1.54269 
95 1.57343 
96 1.60447 
97 1.63583 
98 1.66791 
99 1.70042 
100 1.73329 
101 1.76651 
102 1.80008 
103 1.83397 
104 1.86819 
105 1.90274 
106 1.93763 
107 1.97286 
108 2.00843 
109 2.04436 
110 2.08066 
111 2.11734 
112 2.1544 
113 2.19186 
114 2.22974 
115 2.26806 
116 2.30683 
117 2.34609 
118 2.38587 
119 2.4262 
120 2.46712 
121 2.50867 
122 2.55093 
123 2.59394 
124 2.63816 
125 2.68393 
126 2.73123 
127 2.78347 
128 2.96073 
129 3.14154 
130 3.32983 
131 3.52278 
132 3.72028 
133 3.92239 
134 4.1293 
135 4.34123 
136 4.55853 
137 4.7816 
138 5.01088 
139 5.24834 
140 5.49342 
141 5.74632 
142 6.00742 
143 6.27718 
144 6.55609 
145 6.84469 
146 7.14353 
147 7.45322 
148 7.77439 
149 8.1077 
150 8.45382 
151 8.81347 
152 9.18734 
153 9.57614 
154 9.98065 
155 10.4017 
156 10.8402 
157 11.2971 
158 11.7736 
159 12.2717 
160 12.7928 
161 13.3384 
162 13.9105 
163 14.5117 
164 15.1443 
165 15.8108 
166 16.5139 
167 17.2566 
168 18.0428 
169 18.8771 
170 19.7653 
171 20.7146 
172 21.7346 
173 22.8382 
174 24.0431 
175 25.3696 
176 26.8416 
177 28.4982 
178 30.411 
178.886 32.0243 




