0 1.9933 
1 2.01674 
2 2.04083 
3 2.06555 
4 2.09088 
5 2.1168 
6 2.14347 
7 2.17128 
8 2.1998 
9 2.22895 
10 2.25872 
11 2.28908 
12 2.32003 
13 2.35156 
14 2.3842 
15 2.41755 
16 2.45158 
17 2.48628 
18 2.52164 
19 2.55769 
20 2.59443 
21 2.63191 
22 2.67016 
23 2.70922 
24 2.74927 
25 2.79049 
26 2.83305 
27 2.87779 
28 2.92465 
29 3.09083 
30 3.27775 
31 3.46944 
32 3.66569 
33 3.86653 
34 4.0721 
35 4.28263 
36 4.49842 
37 4.71986 
38 4.9474 
39 5.18269 
40 5.42568 
41 5.6764 
42 5.93522 
43 6.20257 
44 6.47893 
45 6.76482 
46 7.06081 
47 7.36747 
48 7.68544 
49 8.01536 
50 8.35792 
51 8.7138 
52 9.08371 
53 9.46836 
54 9.86846 
55 10.2849 
56 10.7186 
57 11.1703 
58 11.6413 
59 12.1328 
60 12.6474 
61 13.1861 
62 13.7507 
63 14.3437 
64 14.9675 
65 15.6244 
66 16.3171 
67 17.0486 
68 17.8225 
69 18.6431 
70 19.5158 
71 20.4475 
72 21.447 
73 22.5261 
74 23.7011 
75 24.9923 
76 26.4214 
77 28.0221 
78 29.8544 
78.9991 32.0251 




