0 0.0853 
1 0.0860289 
2 0.0867667 
3 0.0875135 
4 0.0882691 
5 0.0890339 
6 0.0898079 
7 0.0905912 
8 0.091384 
9 0.0921862 
10 0.0929981 
11 0.0938198 
12 0.0946594 
13 0.0955106 
14 0.0963732 
15 0.097247 
16 0.0981322 
17 0.0990289 
18 0.099937 
19 0.100857 
20 0.101789 
21 0.102732 
22 0.103688 
23 0.104665 
24 0.105658 
25 0.106666 
26 0.107688 
27 0.108725 
28 0.109776 
29 0.110842 
30 0.111922 
31 0.113017 
32 0.114128 
33 0.115253 
34 0.116402 
35 0.117572 
36 0.118761 
37 0.119968 
38 0.121194 
39 0.122437 
40 0.123699 
41 0.124979 
42 0.126277 
43 0.127595 
44 0.128932 
45 0.130304 
46 0.131703 
47 0.133126 
48 0.134572 
49 0.136041 
50 0.137533 
51 0.139049 
52 0.140588 
53 0.142152 
54 0.143751 
55 0.145385 
56 0.147048 
57 0.14874 
58 0.150461 
59 0.15221 
60 0.153987 
61 0.155794 
62 0.15763 
63 0.159497 
64 0.161412 
65 0.163375 
66 0.165376 
67 0.167414 
68 0.169489 
69 0.171601 
70 0.173751 
71 0.175938 
72 0.178189 
73 0.180496 
74 0.18285 
75 0.18525 
76 0.187695 
77 0.190186 
78 0.192724 
79 0.195308 
80 0.197939 
81 0.20062 
82 0.20339 
83 0.206229 
84 0.209129 
85 0.212089 
86 0.215107 
87 0.218186 
88 0.221327 
89 0.224562 
90 0.227912 
91 0.231343 
92 0.234852 
93 0.238436 
94 0.242097 
95 0.245835 
96 0.249653 
97 0.253553 
98 0.257537 
99 0.261759 
100 0.266102 
101 0.270556 
102 0.275118 
103 0.279794 
104 0.284584 
105 0.289645 
106 0.294871 
107 0.300244 
108 0.30576 
109 0.311416 
110 0.317214 
111 0.323155 
112 0.32924 
113 0.335473 
114 0.34192 
115 0.348541 
116 0.355331 
117 0.362294 
118 0.369433 
119 0.376751 
120 0.384477 
121 0.392492 
122 0.400748 
123 0.409232 
124 0.417942 
125 0.426879 
126 0.436045 
127 0.445441 
128 0.455069 
129 0.464929 
130 0.475177 
131 0.485706 
132 0.496509 
133 0.507585 
134 0.518935 
135 0.53056 
136 0.54279 
137 0.55538 
138 0.5683 
139 0.581546 
140 0.595119 
141 0.609017 
142 0.62324 
143 0.637788 
144 0.652661 
145 0.667862 
146 0.683401 
147 0.699444 
148 0.715989 
149 0.732934 
150 0.75026 
151 0.767959 
152 0.786025 
153 0.804454 
154 0.823241 
155 0.842752 
156 0.8627 
157 0.883069 
158 0.903848 
159 0.925027 
160 0.9466 
161 0.96856 
162 0.9909 
163 1.01362 
164 1.03671 
165 1.06018 
166 1.08403 
167 1.10824 
168 1.13283 
169 1.15777 
170 1.18307 
171 1.20872 
172 1.23509 
173 1.26207 
174 1.28949 
175 1.3173 
176 1.34549 
177 1.37404 
178 1.40293 
179 1.43216 
180 1.46172 
181 1.4916 
182 1.52179 
183 1.5523 
184 1.58313 
185 1.61427 
186 1.64572 
187 1.67794 
188 1.71056 
189 1.74354 
190 1.77687 
191 1.81053 
192 1.84453 
193 1.87885 
194 1.9135 
195 1.94849 
196 1.98382 
197 2.01951 
198 2.05555 
199 2.09196 
200 2.12875 
201 2.16594 
202 2.20352 
203 2.24153 
204 2.27999 
205 2.31891 
206 2.35833 
207 2.39827 
208 2.43877 
209 2.47988 
210 2.52165 
211 2.56413 
212 2.60739 
213 2.65212 
214 2.69827 
215 2.74601 
216 2.82665 
217 3.00478 
218 3.18886 
219 3.37836 
220 3.57247 
221 3.77113 
222 3.97444 
223 4.18259 
224 4.39586 
225 4.61458 
226 4.83918 
227 5.07009 
228 5.30948 
229 5.5565 
230 5.81143 
231 6.07468 
232 6.3467 
233 6.628 
234 6.91913 
235 7.22065 
236 7.53318 
237 7.85735 
238 8.19383 
239 8.5433 
240 8.90647 
241 9.28404 
242 9.67672 
243 10.0854 
244 10.5107 
245 10.9538 
246 11.4155 
247 11.8971 
248 12.4009 
249 12.928 
250 13.48 
251 14.0592 
252 14.6682 
253 15.3091 
254 15.9846 
255 16.6973 
256 17.4506 
257 18.2485 
258 19.0958 
259 19.9986 
260 20.9647 
261 22.0045 
262 23.1317 
263 24.3654 
264 25.726 
265 27.24 
266 28.9525 
267 30.9485 
267.558 32.0204 




