0 0.3654 
1 0.372042 
2 0.378885 
3 0.385927 
4 0.393166 
5 0.400604 
6 0.408541 
7 0.416755 
8 0.425224 
9 0.433942 
10 0.442906 
11 0.452115 
12 0.461568 
13 0.471268 
14 0.481327 
15 0.491708 
16 0.502381 
17 0.51334 
18 0.524582 
19 0.536109 
20 0.548192 
21 0.560676 
22 0.573507 
23 0.586677 
24 0.600184 
25 0.614026 
26 0.628199 
27 0.642705 
28 0.657543 
29 0.67272 
30 0.688241 
31 0.704161 
32 0.720696 
33 0.737637 
34 0.754965 
35 0.772668 
36 0.790742 
37 0.809182 
38 0.827983 
39 0.847515 
40 0.867493 
41 0.887895 
42 0.908709 
43 0.929925 
44 0.951536 
45 0.973535 
46 0.995917 
47 1.01868 
48 1.04182 
49 1.06534 
50 1.08924 
51 1.11352 
52 1.13815 
53 1.16315 
54 1.1885 
55 1.2142 
56 1.24071 
57 1.26776 
58 1.29524 
59 1.32312 
60 1.35136 
61 1.37997 
62 1.40891 
63 1.4382 
64 1.46781 
65 1.49774 
66 1.52798 
67 1.55855 
68 1.58943 
69 1.62062 
70 1.65227 
71 1.68457 
72 1.71725 
73 1.75029 
74 1.78367 
75 1.81739 
76 1.85145 
77 1.88583 
78 1.92054 
79 1.95558 
80 1.99098 
81 2.02672 
82 2.06283 
83 2.09931 
84 2.13617 
85 2.17343 
86 2.21109 
87 2.24918 
88 2.28772 
89 2.32673 
90 2.36624 
91 2.40629 
92 2.4469 
93 2.48813 
94 2.53003 
95 2.57265 
96 2.61607 
97 2.66119 
98 2.70777 
99 2.75598 
100 2.86513 
101 3.04403 
102 3.22955 
103 3.42007 
104 3.61516 
105 3.81481 
106 4.01916 
107 4.22839 
108 4.44281 
109 4.66277 
110 4.88871 
111 5.12103 
112 5.36205 
113 5.61075 
114 5.86743 
115 6.13253 
116 6.40651 
117 6.68988 
118 6.9832 
119 7.28704 
120 7.60202 
121 7.92878 
122 8.268 
123 8.62037 
124 8.98658 
125 9.36735 
126 9.76338 
127 10.1755 
128 10.6046 
129 11.0516 
130 11.5175 
131 12.0036 
132 12.5123 
133 13.0446 
134 13.6022 
135 14.1876 
136 14.8033 
137 15.4514 
138 16.1346 
139 16.8558 
140 17.6183 
141 18.4264 
142 19.285 
143 20.2007 
144 21.1818 
145 22.239 
146 23.3874 
147 24.6466 
148 26.0375 
149 27.5895 
150 29.3539 
151 31.4293 
151.203 32.0217 




