0 1.5643 
1 1.58602 
2 1.6084 
3 1.6314 
4 1.655 
5 1.67917 
6 1.7039 
7 1.72916 
8 1.75494 
9 1.78121 
10 1.80867 
11 1.83673 
12 1.86535 
13 1.89449 
14 1.92413 
15 1.95427 
16 1.98488 
17 2.01596 
18 2.04749 
19 2.07999 
20 2.11305 
21 2.14664 
22 2.18074 
23 2.21534 
24 2.25045 
25 2.28606 
26 2.32219 
27 2.35884 
28 2.39604 
29 2.43381 
30 2.47218 
31 2.51117 
32 2.55082 
33 2.59118 
34 2.63231 
35 2.67427 
36 2.71728 
37 2.76228 
38 2.80905 
39 2.88488 
40 3.06418 
41 3.25032 
42 3.44135 
43 3.63694 
44 3.8371 
45 4.04197 
46 4.25177 
47 4.46678 
48 4.68737 
49 4.914 
50 5.14791 
51 5.38979 
52 5.63937 
53 5.89698 
54 6.16306 
55 6.43808 
56 6.72255 
57 7.01703 
58 7.3221 
59 7.63838 
60 7.96652 
61 8.30718 
62 8.66108 
63 9.0289 
64 9.41136 
65 9.80917 
66 10.2232 
67 10.6543 
68 11.1033 
69 11.5714 
70 12.0599 
71 12.5711 
72 13.1062 
73 13.6669 
74 14.2556 
75 14.8748 
76 15.5267 
77 16.2141 
78 16.9397 
79 17.7072 
80 18.5207 
81 19.3854 
82 20.308 
83 21.297 
84 22.3637 
85 23.5236 
86 24.7966 
87 26.204 
88 27.7768 
89 29.57 
90 31.6908 
90.0436 32.0132 




