0 0.0324 
1 0.0325611 
2 0.0327232 
3 0.0328863 
4 0.0330505 
5 0.0332157 
6 0.0333821 
7 0.0335495 
8 0.033718 
9 0.0338876 
10 0.0340583 
11 0.0342302 
12 0.0344038 
13 0.0345787 
14 0.0347548 
15 0.0349323 
16 0.0351109 
17 0.0352908 
18 0.035472 
19 0.0356544 
20 0.0358382 
21 0.0360232 
22 0.0362095 
23 0.0363971 
24 0.036586 
25 0.0367763 
26 0.0369679 
27 0.0371608 
28 0.0373552 
29 0.0375509 
30 0.037748 
31 0.0379465 
32 0.0381471 
33 0.0383495 
34 0.0385534 
35 0.0387589 
36 0.038966 
37 0.0391746 
38 0.0393848 
39 0.0395966 
40 0.03981 
41 0.040025 
42 0.0402417 
43 0.0404599 
44 0.0406799 
45 0.0409015 
46 0.0411247 
47 0.0413497 
48 0.0415764 
49 0.0418049 
50 0.0420351 
51 0.0422671 
52 0.0425008 
53 0.0427364 
54 0.0429739 
55 0.0432131 
56 0.0434542 
57 0.0436978 
58 0.0439439 
59 0.0441922 
60 0.0444425 
61 0.0446949 
62 0.0449494 
63 0.045206 
64 0.0454647 
65 0.0457255 
66 0.0459885 
67 0.0462536 
68 0.0465209 
69 0.0467905 
70 0.0470622 
71 0.0473363 
72 0.0476125 
73 0.0478924 
74 0.048175 
75 0.0484601 
76 0.0487478 
77 0.0490381 
78 0.0493309 
79 0.0496262 
80 0.0499242 
81 0.0502247 
82 0.0505279 
83 0.0508337 
84 0.0511423 
85 0.0514535 
86 0.0517674 
87 0.0520842 
88 0.0524037 
89 0.052726 
90 0.0530512 
91 0.0533792 
92 0.0537102 
93 0.0540451 
94 0.0543832 
95 0.0547245 
96 0.055069 
97 0.0554166 
98 0.0557675 
99 0.0561215 
100 0.0564789 
101 0.0568395 
102 0.0572034 
103 0.0575707 
104 0.0579414 
105 0.0583155 
106 0.058693 
107 0.0590769 
108 0.0594656 
109 0.0598584 
110 0.0602553 
111 0.0606563 
112 0.0610615 
113 0.0614707 
114 0.061884 
115 0.0623015 
116 0.0627232 
117 0.063149 
118 0.0635792 
119 0.0640136 
120 0.0644524 
121 0.0648955 
122 0.0653431 
123 0.0657975 
124 0.0662572 
125 0.0667219 
126 0.0671917 
127 0.0676664 
128 0.0681462 
129 0.068631 
130 0.0691209 
131 0.0696159 
132 0.0701162 
133 0.0706217 
134 0.0711324 
135 0.0716486 
136 0.0721742 
137 0.0727063 
138 0.0732447 
139 0.0737892 
140 0.0743399 
141 0.0748968 
142 0.0754599 
143 0.0760293 
144 0.076605 
145 0.0771871 
146 0.0777757 
147 0.0783709 
148 0.0789726 
149 0.079581 
150 0.0802012 
151 0.0808295 
152 0.0814656 
153 0.0821093 
154 0.0827608 
155 0.08342 
156 0.084087 
157 0.0847618 
158 0.0854446 
159 0.0861354 
160 0.0868343 
161 0.0875447 
162 0.0882694 
163 0.0890044 
164 0.0897494 
165 0.0905041 
166 0.0912687 
167 0.092043 
168 0.0928272 
169 0.0936214 
170 0.0944256 
171 0.0952399 
172 0.0960645 
173 0.0969057 
174 0.0977604 
175 0.0986273 
176 0.0995062 
177 0.100397 
178 0.1013 
179 0.102215 
180 0.103142 
181 0.104081 
182 0.105033 
183 0.105998 
184 0.106986 
185 0.10799 
186 0.109009 
187 0.110044 
188 0.111093 
189 0.112158 
190 0.113237 
191 0.114332 
192 0.115442 
193 0.116568 
194 0.117709 
195 0.11888 
196 0.120071 
197 0.121279 
198 0.122507 
199 0.123753 
200 0.125018 
201 0.126301 
202 0.127604 
203 0.128925 
204 0.130267 
205 0.131645 
206 0.13305 
207 0.134479 
208 0.135932 
209 0.137409 
210 0.138909 
211 0.140432 
212 0.14198 
213 0.143553 
214 0.145167 
215 0.146812 
216 0.148487 
217 0.150191 
218 0.151923 
219 0.153684 
220 0.155475 
221 0.157295 
222 0.159145 
223 0.161027 
224 0.162967 
225 0.164949 
226 0.166969 
227 0.169026 
228 0.17112 
229 0.173252 
230 0.175421 
231 0.177629 
232 0.179912 
233 0.182244 
234 0.184624 
235 0.187049 
236 0.18952 
237 0.192037 
238 0.194601 
239 0.197213 
240 0.199873 
241 0.202583 
242 0.205396 
243 0.208272 
244 0.211208 
245 0.214203 
246 0.217258 
247 0.220375 
248 0.223555 
249 0.226871 
250 0.230272 
251 0.233752 
252 0.237309 
253 0.240941 
254 0.24465 
255 0.248438 
256 0.252308 
257 0.25626 
258 0.26043 
259 0.264729 
260 0.269142 
261 0.273665 
262 0.278301 
263 0.28305 
264 0.288035 
265 0.293206 
266 0.298529 
267 0.303995 
268 0.309603 
269 0.315352 
270 0.321243 
271 0.327279 
272 0.333462 
273 0.339838 
274 0.346401 
275 0.353134 
276 0.360041 
277 0.367122 
278 0.374381 
279 0.381839 
280 0.389772 
281 0.397952 
282 0.406364 
283 0.415001 
284 0.423863 
285 0.432953 
286 0.442272 
287 0.451823 
288 0.461605 
289 0.471758 
290 0.482197 
291 0.492912 
292 0.503899 
293 0.51516 
294 0.526696 
295 0.538789 
296 0.551265 
297 0.564078 
298 0.577215 
299 0.590676 
300 0.604464 
301 0.618576 
302 0.633015 
303 0.647778 
304 0.662869 
305 0.678296 
306 0.694061 
307 0.710467 
308 0.727285 
309 0.744488 
310 0.762066 
311 0.780013 
312 0.798324 
313 0.816994 
314 0.83634 
315 0.856149 
316 0.876385 
317 0.897034 
318 0.918086 
319 0.939534 
320 0.96137 
321 0.98359 
322 1.00619 
323 1.02916 
324 1.05251 
325 1.07624 
326 1.10034 
327 1.12481 
328 1.14965 
329 1.17483 
330 1.20037 
331 1.22626 
332 1.25309 
333 1.28038 
334 1.30807 
335 1.33615 
336 1.36459 
337 1.39337 
338 1.4225 
339 1.45196 
340 1.48174 
341 1.51183 
342 1.54225 
343 1.57298 
344 1.60402 
345 1.63537 
346 1.66745 
347 1.69995 
348 1.73282 
349 1.76604 
350 1.79959 
351 1.83348 
352 1.8677 
353 1.90225 
354 1.93713 
355 1.97235 
356 2.00792 
357 2.04385 
358 2.08014 
359 2.11681 
360 2.15387 
361 2.19132 
362 2.2292 
363 2.26751 
364 2.30627 
365 2.34553 
366 2.3853 
367 2.42562 
368 2.46653 
369 2.50807 
370 2.55032 
371 2.59332 
372 2.6375 
373 2.68325 
374 2.73053 
375 2.78275 
376 2.96 
377 3.14079 
378 3.32906 
379 3.52199 
380 3.71947 
381 3.92157 
382 4.12845 
383 4.34037 
384 4.55764 
385 4.78069 
386 5.00994 
387 5.24737 
388 5.49242 
389 5.74528 
390 6.00635 
391 6.27608 
392 6.55495 
393 6.84351 
394 7.14231 
395 7.45195 
396 7.77307 
397 8.10633 
398 8.4524 
399 8.81199 
400 9.18581 
401 9.57454 
402 9.97899 
403 10.4 
404 10.8384 
405 11.2952 
406 11.7716 
407 12.2697 
408 12.7906 
409 13.3361 
410 13.9081 
411 14.5092 
412 15.1417 
413 15.8081 
414 16.511 
415 17.2535 
416 18.0395 
417 18.8737 
418 19.7616 
419 20.7106 
420 21.7304 
421 22.8336 
422 24.038 
423 25.364 
424 26.8354 
425 28.4911 
426 30.4027 
426.886 32.0146 




