0 0.0254 
1 0.0255099 
2 0.0256203 
3 0.0257314 
4 0.0258431 
5 0.0259554 
6 0.0260683 
7 0.0261819 
8 0.0262961 
9 0.0264109 
10 0.0265264 
11 0.0266426 
12 0.0267594 
13 0.0268768 
14 0.026995 
15 0.0271138 
16 0.0272333 
17 0.0273535 
18 0.0274744 
19 0.0275959 
20 0.0277189 
21 0.0278429 
22 0.0279678 
23 0.0280935 
24 0.0282201 
25 0.0283475 
26 0.0284758 
27 0.0286049 
28 0.0287347 
29 0.0288655 
30 0.028997 
31 0.0291294 
32 0.0292626 
33 0.0293967 
34 0.0295316 
35 0.0296674 
36 0.029804 
37 0.0299415 
38 0.0300799 
39 0.0302192 
40 0.0303593 
41 0.0305004 
42 0.0306423 
43 0.0307852 
44 0.0309293 
45 0.0310744 
46 0.0312205 
47 0.0313676 
48 0.0315156 
49 0.0316647 
50 0.0318148 
51 0.0319659 
52 0.0321181 
53 0.0322712 
54 0.0324254 
55 0.0325807 
56 0.032737 
57 0.0328943 
58 0.0330527 
59 0.0332122 
60 0.0333729 
61 0.0335345 
62 0.0336974 
63 0.0338613 
64 0.0340263 
65 0.0341926 
66 0.0343599 
67 0.0345284 
68 0.0346981 
69 0.034869 
70 0.0350411 
71 0.0352143 
72 0.0353888 
73 0.0355646 
74 0.0357415 
75 0.0359203 
76 0.0361005 
77 0.0362822 
78 0.0364652 
79 0.0366495 
80 0.0368353 
81 0.0370224 
82 0.0372108 
83 0.0374007 
84 0.037592 
85 0.0377847 
86 0.0379789 
87 0.0381744 
88 0.0383715 
89 0.03857 
90 0.03877 
91 0.0389714 
92 0.0391744 
93 0.0393798 
94 0.039587 
95 0.0397958 
96 0.0400062 
97 0.0402184 
98 0.0404322 
99 0.0406476 
100 0.0408648 
101 0.0410837 
102 0.0413043 
103 0.0415267 
104 0.0417508 
105 0.0419767 
106 0.0422044 
107 0.0424338 
108 0.0426651 
109 0.0428982 
110 0.0431332 
111 0.04337 
112 0.0436088 
113 0.0438494 
114 0.0440919 
115 0.0443364 
116 0.0445838 
117 0.0448335 
118 0.0450854 
119 0.0453395 
120 0.0455957 
121 0.0458541 
122 0.0461147 
123 0.0463775 
124 0.0466425 
125 0.0469098 
126 0.0471793 
127 0.0474511 
128 0.0477252 
129 0.0480016 
130 0.0482803 
131 0.0485627 
132 0.048848 
133 0.0491358 
134 0.0494263 
135 0.0497193 
136 0.0500151 
137 0.0503134 
138 0.0506144 
139 0.0509181 
140 0.0512246 
141 0.0515337 
142 0.0518456 
143 0.0521602 
144 0.0524777 
145 0.052798 
146 0.0531212 
147 0.0534472 
148 0.0537762 
149 0.0541081 
150 0.0544439 
151 0.0547831 
152 0.0551255 
153 0.0554711 
154 0.0558199 
155 0.056172 
156 0.0565274 
157 0.056886 
158 0.057248 
159 0.0576134 
160 0.0579822 
161 0.0583544 
162 0.05873 
163 0.0591092 
164 0.059495 
165 0.0598854 
166 0.0602802 
167 0.0606791 
168 0.0610821 
169 0.0614893 
170 0.0619007 
171 0.0623162 
172 0.0627359 
173 0.0631599 
174 0.0635881 
175 0.0640206 
176 0.0644575 
177 0.0648988 
178 0.0653445 
179 0.0657946 
180 0.0662521 
181 0.0667147 
182 0.0671825 
183 0.0676552 
184 0.068133 
185 0.0686159 
186 0.0691039 
187 0.069597 
188 0.0700954 
189 0.0705989 
190 0.0711078 
191 0.0716221 
192 0.072145 
193 0.0726748 
194 0.0732111 
195 0.0737535 
196 0.0743022 
197 0.074857 
198 0.0754181 
199 0.0759855 
200 0.0765593 
201 0.0771394 
202 0.0777261 
203 0.0783192 
204 0.078919 
205 0.0795254 
206 0.0801429 
207 0.0807689 
208 0.0814027 
209 0.0820443 
210 0.0826936 
211 0.0833506 
212 0.0840155 
213 0.0846882 
214 0.0853689 
215 0.0860575 
216 0.0867543 
217 0.0874593 
218 0.0881811 
219 0.0889135 
220 0.0896559 
221 0.0904082 
222 0.0911703 
223 0.0919422 
224 0.0927241 
225 0.0935158 
226 0.0943176 
227 0.0951295 
228 0.0959516 
229 0.0967882 
230 0.0976399 
231 0.098504 
232 0.0993802 
233 0.100268 
234 0.101168 
235 0.102081 
236 0.103005 
237 0.103942 
238 0.104891 
239 0.105853 
240 0.106837 
241 0.107837 
242 0.108854 
243 0.109885 
244 0.110931 
245 0.111992 
246 0.113069 
247 0.11416 
248 0.115267 
249 0.11639 
250 0.117528 
251 0.118695 
252 0.119881 
253 0.121086 
254 0.12231 
255 0.123552 
256 0.124813 
257 0.126093 
258 0.127391 
259 0.128709 
260 0.130047 
261 0.131419 
262 0.13282 
263 0.134244 
264 0.135692 
265 0.137164 
266 0.13866 
267 0.140179 
268 0.141722 
269 0.14329 
270 0.144896 
271 0.146535 
272 0.148204 
273 0.149902 
274 0.151629 
275 0.153385 
276 0.15517 
277 0.156984 
278 0.158829 
279 0.160704 
280 0.162636 
281 0.16461 
282 0.166623 
283 0.168673 
284 0.17076 
285 0.172885 
286 0.175047 
287 0.177248 
288 0.179521 
289 0.181844 
290 0.184216 
291 0.186633 
292 0.189095 
293 0.191604 
294 0.19416 
295 0.196763 
296 0.199415 
297 0.202116 
298 0.204917 
299 0.207782 
300 0.210707 
301 0.213692 
302 0.216736 
303 0.219842 
304 0.223011 
305 0.226311 
306 0.229698 
307 0.233164 
308 0.236708 
309 0.240327 
310 0.244023 
311 0.247797 
312 0.251653 
313 0.255592 
314 0.259734 
315 0.264013 
316 0.268407 
317 0.272912 
318 0.27753 
319 0.282261 
320 0.287183 
321 0.292329 
322 0.297627 
323 0.303071 
324 0.308656 
325 0.314381 
326 0.320248 
327 0.32626 
328 0.332417 
329 0.338721 
330 0.345256 
331 0.351961 
332 0.358839 
333 0.365891 
334 0.373121 
335 0.380529 
336 0.388416 
337 0.396557 
338 0.40493 
339 0.41353 
340 0.422354 
341 0.431406 
342 0.440688 
343 0.4502 
344 0.459944 
345 0.470046 
346 0.48044 
347 0.49111 
348 0.502053 
349 0.51327 
350 0.52476 
351 0.536772 
352 0.54919 
353 0.561949 
354 0.575033 
355 0.588442 
356 0.602177 
357 0.616238 
358 0.630624 
359 0.645335 
360 0.660373 
361 0.675746 
362 0.691457 
363 0.707791 
364 0.724544 
365 0.741686 
366 0.759204 
367 0.777092 
368 0.795344 
369 0.813956 
370 0.833208 
371 0.852948 
372 0.873117 
373 0.893701 
374 0.914689 
375 0.936074 
376 0.957849 
377 0.980008 
378 1.00255 
379 1.02546 
380 1.04875 
381 1.07242 
382 1.09647 
383 1.12088 
384 1.14566 
385 1.17079 
386 1.19627 
387 1.2221 
388 1.24885 
389 1.27607 
390 1.3037 
391 1.33172 
392 1.3601 
393 1.38883 
394 1.4179 
395 1.44731 
396 1.47704 
397 1.50708 
398 1.53744 
399 1.56811 
400 1.5991 
401 1.6304 
402 1.66238 
403 1.69481 
404 1.72762 
405 1.76078 
406 1.79428 
407 1.82811 
408 1.86227 
409 1.89676 
410 1.93158 
411 1.96674 
412 2.00224 
413 2.03811 
414 2.07434 
415 2.11094 
416 2.14792 
417 2.18531 
418 2.2231 
419 2.26134 
420 2.30002 
421 2.33919 
422 2.37887 
423 2.41909 
424 2.4599 
425 2.50133 
426 2.54345 
427 2.58632 
428 2.63002 
429 2.67556 
430 2.7226 
431 2.77135 
432 2.93619 
433 3.11651 
434 3.30413 
435 3.49646 
436 3.69334 
437 3.89483 
438 4.10107 
439 4.31231 
440 4.52886 
441 4.75113 
442 4.97954 
443 5.21596 
444 5.46001 
445 5.71183 
446 5.97181 
447 6.24038 
448 6.51803 
449 6.80529 
450 7.10272 
451 7.41091 
452 7.7305 
453 8.06214 
454 8.4065 
455 8.76428 
456 9.1362 
457 9.52295 
458 9.92526 
459 10.344 
460 10.7801 
461 11.2345 
462 11.7082 
463 12.2033 
464 12.7212 
465 13.2634 
466 13.8318 
467 14.4289 
468 15.0572 
469 15.719 
470 16.4169 
471 17.1541 
472 17.9342 
473 18.7618 
474 19.6423 
475 20.5828 
476 21.5927 
477 22.6841 
478 23.8742 
479 25.1832 
480 26.6337 
481 28.2623 
482 30.1344 
482.948 32.0262 




