0 0.067 
1 0.067495 
2 0.0679949 
3 0.0684997 
4 0.0690132 
5 0.0695327 
6 0.0700579 
7 0.0705887 
8 0.0711252 
9 0.0716673 
10 0.0722152 
11 0.0727687 
12 0.073328 
13 0.0738933 
14 0.0744645 
15 0.0750418 
16 0.0756251 
17 0.0762147 
18 0.0768105 
19 0.0774155 
20 0.0780293 
21 0.0786505 
22 0.079279 
23 0.0799147 
24 0.0805576 
25 0.0812079 
26 0.0818656 
27 0.0825308 
28 0.0832035 
29 0.0838838 
30 0.0845719 
31 0.0852678 
32 0.0859786 
33 0.0867 
34 0.087431 
35 0.0881715 
36 0.0889214 
37 0.0896806 
38 0.0904494 
39 0.0912276 
40 0.0920155 
41 0.0928131 
42 0.0936205 
43 0.0944379 
44 0.095269 
45 0.096115 
46 0.0969728 
47 0.0978425 
48 0.0987237 
49 0.0996167 
50 0.100521 
51 0.101438 
52 0.102366 
53 0.103307 
54 0.10426 
55 0.105225 
56 0.106215 
57 0.107219 
58 0.108239 
59 0.109274 
60 0.110323 
61 0.111387 
62 0.112466 
63 0.113559 
64 0.114668 
65 0.115793 
66 0.116933 
67 0.118102 
68 0.11929 
69 0.120497 
70 0.121722 
71 0.122965 
72 0.124227 
73 0.125507 
74 0.126806 
75 0.128124 
76 0.129461 
77 0.130835 
78 0.132235 
79 0.133659 
80 0.135106 
81 0.136577 
82 0.138072 
83 0.13959 
84 0.141131 
85 0.142698 
86 0.144301 
87 0.145938 
88 0.147605 
89 0.1493 
90 0.151024 
91 0.152777 
92 0.154559 
93 0.15637 
94 0.15821 
95 0.160082 
96 0.162006 
97 0.163975 
98 0.165983 
99 0.168027 
100 0.170109 
101 0.172228 
102 0.174384 
103 0.176578 
104 0.178842 
105 0.181157 
106 0.18352 
107 0.185929 
108 0.188383 
109 0.190884 
110 0.193431 
111 0.196024 
112 0.198667 
113 0.201358 
114 0.204145 
115 0.206998 
116 0.209911 
117 0.212883 
118 0.215916 
119 0.219009 
120 0.222164 
121 0.225441 
122 0.228811 
123 0.232261 
124 0.235788 
125 0.239391 
126 0.24307 
127 0.246827 
128 0.250665 
129 0.254585 
130 0.258682 
131 0.262935 
132 0.267304 
133 0.271785 
134 0.276378 
135 0.281084 
136 0.285903 
137 0.291013 
138 0.296279 
139 0.30169 
140 0.307244 
141 0.312938 
142 0.318774 
143 0.324753 
144 0.330877 
145 0.337149 
146 0.343644 
147 0.35031 
148 0.357143 
149 0.364151 
150 0.371335 
151 0.378699 
152 0.386511 
153 0.39459 
154 0.402905 
155 0.411448 
156 0.420215 
157 0.42921 
158 0.438435 
159 0.44789 
160 0.457576 
161 0.467596 
162 0.47792 
163 0.488522 
164 0.499397 
165 0.510547 
166 0.521969 
167 0.533726 
168 0.546058 
169 0.558737 
170 0.571743 
171 0.585075 
172 0.598733 
173 0.612717 
174 0.627026 
175 0.64166 
176 0.656618 
177 0.671905 
178 0.68753 
179 0.703737 
180 0.720387 
181 0.737431 
182 0.754854 
183 0.772648 
184 0.790807 
185 0.809328 
186 0.82829 
187 0.84792 
188 0.86798 
189 0.888457 
190 0.909342 
191 0.930624 
192 0.952299 
193 0.974359 
194 0.996799 
195 1.01962 
196 1.04281 
197 1.06639 
198 1.09034 
199 1.11466 
200 1.13934 
201 1.16438 
202 1.18978 
203 1.21552 
204 1.24211 
205 1.26922 
206 1.29675 
207 1.32466 
208 1.35295 
209 1.38159 
210 1.41058 
211 1.4399 
212 1.46955 
213 1.49951 
214 1.52979 
215 1.56038 
216 1.59129 
217 1.62252 
218 1.65433 
219 1.68666 
220 1.71937 
221 1.75244 
222 1.78585 
223 1.8196 
224 1.85368 
225 1.88809 
226 1.92283 
227 1.9579 
228 1.99332 
229 2.0291 
230 2.06524 
231 2.10174 
232 2.13863 
233 2.17592 
234 2.21361 
235 2.25174 
236 2.29031 
237 2.32936 
238 2.36891 
239 2.40899 
240 2.44965 
241 2.49092 
242 2.53287 
243 2.57555 
244 2.61903 
245 2.66425 
246 2.71093 
247 2.75926 
248 2.88568 
249 3.065 
250 3.25116 
251 3.44221 
252 3.63782 
253 3.83801 
254 4.0429 
255 4.25272 
256 4.46775 
257 4.68837 
258 4.91502 
259 5.14899 
260 5.39091 
261 5.64052 
262 5.89817 
263 6.16429 
264 6.43934 
265 6.72386 
266 7.01838 
267 7.3235 
268 7.63983 
269 7.96803 
270 8.30876 
271 8.66271 
272 9.0306 
273 9.41313 
274 9.811 
275 10.2251 
276 10.6563 
277 11.1054 
278 11.5736 
279 12.0621 
280 12.5735 
281 13.1087 
282 13.6695 
283 14.2583 
284 14.8776 
285 15.5298 
286 16.2172 
287 16.9431 
288 17.7107 
289 18.5244 
290 19.3895 
291 20.3123 
292 21.3017 
293 22.3687 
294 23.529 
295 24.8027 
296 26.2107 
297 27.7843 
298 29.5787 
299 31.7014 
299.044 32.0241 




