0 0.1386 
1 0.140149 
2 0.141721 
3 0.143336 
4 0.144981 
5 0.146653 
6 0.148354 
7 0.150083 
8 0.15184 
9 0.153626 
10 0.155441 
11 0.157284 
12 0.159158 
13 0.161089 
14 0.16306 
15 0.16507 
16 0.167116 
17 0.169198 
18 0.171316 
19 0.173472 
20 0.175665 
21 0.177926 
22 0.18024 
23 0.182599 
24 0.185005 
25 0.187456 
26 0.189952 
27 0.192494 
28 0.195083 
29 0.197719 
30 0.200404 
31 0.203181 
32 0.206026 
33 0.20893 
34 0.211894 
35 0.214916 
36 0.217999 
37 0.221143 
38 0.224395 
39 0.227749 
40 0.231184 
41 0.234696 
42 0.238284 
43 0.241948 
44 0.245688 
45 0.249509 
46 0.253411 
47 0.257397 
48 0.261622 
49 0.265967 
50 0.270423 
51 0.274987 
52 0.279665 
53 0.284456 
54 0.289519 
55 0.294747 
56 0.300121 
57 0.305638 
58 0.311295 
59 0.317094 
60 0.323035 
61 0.329122 
62 0.335354 
63 0.341802 
64 0.348423 
65 0.355213 
66 0.362176 
67 0.369315 
68 0.376632 
69 0.384358 
70 0.392372 
71 0.400627 
72 0.40911 
73 0.417819 
74 0.426756 
75 0.435921 
76 0.445315 
77 0.454941 
78 0.4648 
79 0.475047 
80 0.485573 
81 0.496375 
82 0.507449 
83 0.518797 
84 0.53042 
85 0.542647 
86 0.555234 
87 0.568152 
88 0.581396 
89 0.594965 
90 0.60886 
91 0.623081 
92 0.637626 
93 0.652496 
94 0.667695 
95 0.68323 
96 0.699264 
97 0.715806 
98 0.732747 
99 0.750071 
100 0.767766 
101 0.785829 
102 0.804254 
103 0.823038 
104 0.842545 
105 0.862489 
106 0.882854 
107 0.903629 
108 0.924805 
109 0.946374 
110 0.96833 
111 0.990667 
112 1.01338 
113 1.03647 
114 1.05994 
115 1.08378 
116 1.108 
117 1.13258 
118 1.15752 
119 1.18281 
120 1.20846 
121 1.23482 
122 1.26179 
123 1.28921 
124 1.31702 
125 1.3452 
126 1.37375 
127 1.40264 
128 1.43186 
129 1.46142 
130 1.49129 
131 1.52148 
132 1.55199 
133 1.58282 
134 1.61395 
135 1.6454 
136 1.67762 
137 1.71023 
138 1.74321 
139 1.77653 
140 1.81019 
141 1.84418 
142 1.8785 
143 1.91315 
144 1.94814 
145 1.98347 
146 2.01915 
147 2.05519 
148 2.0916 
149 2.12839 
150 2.16556 
151 2.20315 
152 2.24115 
153 2.2796 
154 2.31852 
155 2.35793 
156 2.39787 
157 2.43837 
158 2.47947 
159 2.52123 
160 2.5637 
161 2.60696 
162 2.65167 
163 2.69781 
164 2.74553 
165 2.82663 
166 3.00476 
167 3.18884 
168 3.37834 
169 3.57244 
170 3.7711 
171 3.97441 
172 4.18256 
173 4.39583 
174 4.61455 
175 4.83916 
176 5.07006 
177 5.30945 
178 5.55647 
179 5.8114 
180 6.07464 
181 6.34666 
182 6.62797 
183 6.91909 
184 7.22061 
185 7.53314 
186 7.85731 
187 8.19379 
188 8.54326 
189 8.90642 
190 9.28399 
191 9.67667 
192 10.0853 
193 10.5107 
194 10.9537 
195 11.4154 
196 11.897 
197 12.4009 
198 12.9279 
199 13.48 
200 14.0592 
201 14.6681 
202 15.3091 
203 15.9845 
204 16.6972 
205 17.4505 
206 18.2484 
207 19.0957 
208 19.9985 
209 20.9646 
210 22.0043 
211 23.1316 
212 24.3652 
213 25.7258 
214 27.2398 
215 28.9523 
216 30.9482 
216.558 32.0201 




