0 1.2276 
1 1.24711 
2 1.26743 
3 1.28842 
4 1.31001 
5 1.33219 
6 1.35492 
7 1.37818 
8 1.40196 
9 1.42622 
10 1.45097 
11 1.47618 
12 1.50186 
13 1.52797 
14 1.55519 
15 1.58296 
16 1.61122 
17 1.63996 
18 1.66913 
19 1.69873 
20 1.72873 
21 1.75914 
22 1.78994 
23 1.82112 
24 1.85267 
25 1.88509 
26 1.91799 
27 1.95132 
28 1.98508 
29 2.01926 
30 2.05385 
31 2.08886 
32 2.12429 
33 2.16014 
34 2.19643 
35 2.23316 
36 2.27035 
37 2.30802 
38 2.34618 
39 2.38486 
40 2.4241 
41 2.46391 
42 2.50435 
43 2.54547 
44 2.58731 
45 2.62995 
46 2.67356 
47 2.7192 
48 2.76647 
49 2.8388 
50 3.01718 
51 3.20177 
52 3.3916 
53 3.58601 
54 3.78499 
55 3.98862 
56 4.19712 
57 4.41075 
58 4.62986 
59 4.85489 
60 5.08624 
61 5.32616 
62 5.57371 
63 5.82919 
64 6.09302 
65 6.36566 
66 6.64762 
67 6.93945 
68 7.2417 
69 7.55501 
70 7.88 
71 8.21734 
72 8.56773 
73 8.93186 
74 9.31045 
75 9.70419 
76 10.1139 
77 10.5405 
78 10.9848 
79 11.4478 
80 11.9308 
81 12.4362 
82 12.9649 
83 13.5188 
84 14.0999 
85 14.711 
86 15.3542 
87 16.0321 
88 16.7475 
89 17.5037 
90 18.3048 
91 19.1557 
92 20.0626 
93 21.0334 
94 22.0786 
95 23.2125 
96 24.4542 
97 25.8242 
98 27.3501 
99 29.0787 
100 31.099 
100.439 32.0218 




