0 0.5933 
1 0.604735 
2 0.616533 
3 0.629077 
4 0.642055 
5 0.655444 
6 0.669241 
7 0.683438 
8 0.69803 
9 0.713014 
10 0.728386 
11 0.744142 
12 0.760563 
13 0.77745 
14 0.794762 
15 0.812485 
16 0.830606 
17 0.849119 
18 0.868089 
19 0.88781 
20 0.908005 
21 0.928644 
22 0.949712 
23 0.971197 
24 0.99309 
25 1.01539 
26 1.03808 
27 1.06119 
28 1.08468 
29 1.10856 
30 1.13283 
31 1.15747 
32 1.18248 
33 1.20785 
34 1.23358 
35 1.26013 
36 1.28723 
37 1.31476 
38 1.34269 
39 1.371 
40 1.39967 
41 1.42868 
42 1.45803 
43 1.48772 
44 1.51773 
45 1.54806 
46 1.57871 
47 1.60969 
48 1.64098 
49 1.67295 
50 1.70538 
51 1.73818 
52 1.77135 
53 1.80486 
54 1.8387 
55 1.87288 
56 1.90739 
57 1.94224 
58 1.97744 
59 2.01299 
60 2.0489 
61 2.08518 
62 2.12184 
63 2.15889 
64 2.19634 
65 2.23421 
66 2.27252 
67 2.3113 
68 2.35057 
69 2.39035 
70 2.43069 
71 2.47162 
72 2.5132 
73 2.55548 
74 2.59853 
75 2.64285 
76 2.68868 
77 2.73606 
78 2.79523 
79 2.97274 
80 3.15378 
81 3.34239 
82 3.53564 
83 3.73344 
84 3.93586 
85 4.14309 
86 4.35537 
87 4.57303 
88 4.7965 
89 5.02619 
90 5.26416 
91 5.50974 
92 5.76316 
93 6.02482 
94 6.29517 
95 6.5747 
96 6.86395 
97 7.16348 
98 7.4739 
99 7.79585 
100 8.12997 
101 8.47696 
102 8.83752 
103 9.21234 
104 9.60215 
105 10.0077 
106 10.4299 
107 10.8696 
108 11.3277 
109 11.8055 
110 12.3051 
111 12.8277 
112 13.375 
113 13.9489 
114 14.5521 
115 15.1869 
116 15.8557 
117 16.5613 
118 17.3067 
119 18.0959 
120 18.9336 
121 19.8255 
122 20.7791 
123 21.8042 
124 22.9138 
125 24.126 
126 25.4613 
127 26.9439 
128 28.6146 
129 30.5481 
129.873 32.0281 




